   30.0000   30.0000   30.0000    3.7795   20.8172  -14.5831   -4.2286    6.3025   20.9765   -3.8372   18.4258   17.5410  -11.4254   -1.5301   -0.7300  -30.0000  -30.0000  -30.0000    1.7951    4.8005    1.6228    6.8187   -5.3187   -9.2632   -8.8855    8.8487    9.3465    4.1720   -2.0020   -8.7735   15.0000   15.0000   15.0000    2.6167    1.0528   -0.7778    1.7231    0.8976   -2.1716   -2.7592   -1.0211    2.5716    4.7999   -2.5745   -0.5375
   30.0000   30.0000   30.0000   13.1767   13.7228    9.6791   13.2730   14.4451   12.9412    7.3016    6.8765    9.1701    3.7964    5.4456   -7.2164  -30.0000  -30.0000  -30.0000  -10.8014   -8.5726  -11.2263   -7.6766   -9.5167   -6.0606   -2.5415    1.3831    2.4618    1.2097    0.6055  -15.2599   15.0000   15.0000   15.0000    6.5751    6.3220    5.3924    5.8092    6.0484    2.6201    0.0831   -0.0495    0.3250    0.8603   -0.0958    0.0000
   30.0000   30.0000   30.0000   15.2648   16.0236   17.0040   18.3086   19.1029   16.2598   12.0771   10.9958   11.0146    9.0054    9.1680    2.7239  -30.0000  -30.0000  -30.0000  -14.0410  -15.6714  -17.6434  -16.2195  -16.6862  -11.9792   -8.0565   -6.2552   -4.3604   -3.8671   -2.1801   -5.3196   15.0000   15.0000   15.0000    6.2934    7.2929    8.0483    9.0165    9.1258    6.8239    4.6929    3.7465    3.3797    2.5150    1.3646    0.0000
   30.0000   30.0000   30.0000   17.4088   18.2436   19.5767   21.1002   21.7399   19.4498   16.2915   15.1334   15.1146   13.5236   12.9707   -5.7054  -30.0000  -30.0000  -30.0000  -14.5980  -16.4832  -18.7792  -20.5959  -21.0367  -17.4629  -14.3282  -12.7013  -11.3183   -9.6320   -7.5597  -13.7489   15.0000   15.0000   15.0000    7.2588    7.9110    8.8332   10.1085   10.5806    9.2179    7.3277    6.5592    6.1429    5.4604    4.5056    0.0000
   30.0000   30.0000   30.0000   19.8363   20.3578   21.3666   22.7216   23.4434   21.6850   19.1158   18.1720   17.8443   17.1700   16.2263   -2.6400  -30.0000  -30.0000  -30.0000  -18.2162  -19.0770  -20.6015  -21.7427  -22.8158  -20.7263  -17.6120  -16.4212  -15.9527  -14.9740  -13.3712  -10.6835   15.0000   15.0000   15.0000    8.8946    9.1893    9.7514   10.6852   11.2389   10.2752    8.9965    8.1737    8.0143    7.6642    7.0460    0.0000
   30.0000   30.0000   30.0000   21.8461   22.2650   22.9645   24.0470   24.6482   23.2624   21.2181   20.4650   20.1804   19.7250   18.9907    1.3408  -30.0000  -30.0000  -30.0000  -20.4190  -20.9397  -21.8777  -23.2729  -24.0395  -22.4939  -20.1131  -19.1996  -18.8762  -18.2901  -17.2572   -6.7027   15.0000   15.0000   15.0000   10.2699   10.4657   10.8136   11.4201   11.8108   11.0233   10.0227    9.4237    9.2980    9.0801    8.6936    0.0000
   30.0000   30.0000   30.0000   23.4571   23.8045   24.3444   25.1871   25.6541   24.5312   22.8931   22.2955   22.0575   21.6946   21.1270   -7.5540  -30.0000  -30.0000  -30.0000  -22.4737  -22.8177  -23.4156  -24.4182  -25.0216  -23.7706  -21.8794  -21.1880  -20.9676  -20.5891  -19.9290  -15.5975   15.0000   15.0000   15.0000   11.2236   11.4182   11.7071   12.1615   12.4184   11.7556   10.8323   10.4913   10.3524   10.1545    9.8516    0.0000
   30.0000   30.0000   30.0000   24.7227   25.0139   25.4555   26.1322   26.4984   25.5869   24.2673   23.7875   23.5876   23.2862   22.8266    2.2081  -30.0000  -30.0000  -30.0000  -23.9932  -24.3016  -24.7727  -25.5209  -25.9455  -24.9073  -23.3996  -22.8519  -22.6367  -22.3184  -21.8203   -5.8354   15.0000   15.0000   15.0000   11.9304   12.1080   12.3668   12.7517   12.9509   12.4101   11.6452   11.3699   11.2455   11.0650   10.7999    0.0000
   30.0000   30.0000   30.0000   25.7372   25.9749   26.3364   26.8874   27.1833   26.4478   25.3824   24.9951   24.8330   24.5862   24.2106   -3.4921  -30.0000  -30.0000  -30.0000  -25.1281  -25.4056  -25.8146  -26.4314  -26.7568  -25.9080  -24.6915  -24.2496  -24.0558  -23.7725  -23.3507  -11.5356   15.0000   15.0000   15.0000   12.5068   12.6505   12.8675   13.1928   13.3629   12.9313   12.3090   12.0832   11.9853   11.8363   11.6125    0.0000
   30.0000   30.0000   30.0000   26.5612   26.7515   27.0432   27.4893   27.7303   27.1383   26.2785   25.9659   25.8367   25.6383   25.3346   -4.3479  -30.0000  -30.0000  -30.0000  -26.0512  -26.2761  -26.6165  -27.1299  -27.4014  -26.7194  -25.7337  -25.3755  -25.2224  -24.9891  -24.6371  -12.3914   15.0000   15.0000   15.0000   12.9902   13.1010   13.2729   13.5363   13.6790   13.3342   12.8315   12.6487   12.5742   12.4579   12.2786    0.0000
   30.0000   30.0000   30.0000   27.2285   27.3809   27.6151   27.9742   28.1691   27.6921   26.9989   26.7468   26.6433   26.4843   26.2402    2.9058  -30.0000  -30.0000  -30.0000  -26.8166  -26.9922  -27.2635  -27.6790  -27.9040  -27.3572  -26.5612  -26.2718  -26.1534  -25.9695  -25.6867   -5.1377   15.0000   15.0000   15.0000   13.3835   13.4713   13.6071   13.8167   13.9315   13.6539   13.2493   13.1021   13.0427   12.9508   12.8088    0.0000
   30.0000   30.0000   30.0000   27.7661   27.8890   28.0775   28.3664   28.5232   28.1386   27.5798   27.3766   27.2931   27.1650   26.9686   -6.9992  -30.0000  -30.0000  -30.0000  -27.4377  -27.5775  -27.7932  -28.1252  -28.3064  -27.8660  -27.2248  -26.9916  -26.8969  -26.7508  -26.5255  -15.0427   15.0000   15.0000   15.0000   13.6976   13.7691   13.8784   14.0464   14.1378   13.9134   13.5876   13.4691   13.4204   13.3461   13.2320    0.0000
   30.0000   30.0000   30.0000   28.1988   28.2981   28.4502   28.6832   28.8093   28.4991   28.0486   27.8849   27.8173   27.7138   27.5554    1.0632  -30.0000  -30.0000  -30.0000  -27.9352  -28.0486  -28.2223  -28.4889  -28.6337  -28.2781  -27.7616  -27.5737  -27.4965  -27.3784  -27.1973   -6.9802   15.0000   15.0000   15.0000   13.9494   14.0075   14.0962   14.2319   14.3053   14.1242   13.8615   13.7660   13.7264   13.6659   13.5736    0.0000
   30.0000   30.0000   30.0000   28.5476   28.6277   28.7504   28.9384   29.0401   28.7900   28.4268   28.2947   28.2402   28.1567   28.0289   -1.0092  -30.0000  -30.0000  -30.0000  -28.3345  -28.4266  -28.5672  -28.7825  -28.8989  -28.6119  -28.1955  -28.0440  -27.9814  -27.8856  -27.7392   -9.0527   15.0000   15.0000   15.0000   14.1525   14.1994   14.2711   14.3808   14.4401   14.2942   14.0823   14.0052   13.9734   13.9246   13.8499    0.0000
   30.0000   30.0000   30.0000   28.8289   28.8935   28.9924   29.1440   29.2261   29.0244   28.7316   28.6251   28.5812   28.5139   28.4108   -5.6453  -30.0000  -30.0000  -30.0000  -28.6568  -28.7310  -28.8446  -29.0185  -29.1125  -28.8812  -28.5453  -28.4232  -28.3727  -28.2955  -28.1772  -13.6888   15.0000   15.0000   15.0000   14.3167   14.3544   14.4122   14.5006   14.5486   14.4309   14.2601   14.1979   14.1723   14.1331   14.0729    0.0000
   30.0000   30.0000   30.0000   29.0558   29.1078   29.1876   29.3098   29.3760   29.2134   28.9773   28.8914   28.8560   28.8018   28.7187    3.7530  -30.0000  -30.0000  -30.0000  -28.9170  -28.9767  -29.0683  -29.2085  -29.2844  -29.0980  -28.8271  -28.7286  -28.6881  -28.6258  -28.5305   -4.2905   15.0000   15.0000   15.0000   14.4492   14.4795   14.5260   14.5973   14.6360   14.5411   14.4034   14.3533   14.3326   14.3010   14.2526    0.0000
   30.0000   30.0000   30.0000   29.2387   29.2807   29.3450   29.4435   29.4969   29.3658   29.1754   29.1062   29.0776   29.0339   28.9669   -5.6049  -30.0000  -30.0000  -30.0000  -29.1269  -29.1750  -29.2488  -29.3617  -29.4230  -29.2726  -29.0543  -28.9749  -28.9422  -28.8921  -28.8152  -13.6484   15.0000   15.0000   15.0000   14.5559   14.5804   14.6179   14.6753   14.7065   14.6300   14.5189   14.4785   14.4619   14.4364   14.3973    0.0000
   30.0000   30.0000   30.0000   29.3862   29.4200   29.4719   29.5513   29.5943   29.4886   29.3351   29.2793   29.2563   29.2210   29.1670   -0.4965  -30.0000  -30.0000  -30.0000  -29.2961  -29.3349  -29.3943  -29.4854  -29.5347  -29.4135  -29.2375  -29.1735  -29.1471  -29.1066  -29.0447   -8.5400   15.0000   15.0000   15.0000   14.6419   14.6617   14.6919   14.7383   14.7633   14.7017   14.6121   14.5796   14.5661   14.5456   14.5141    0.0000
   30.0000   30.0000   30.0000   29.5051   29.5324   29.5742   29.6382   29.6729   29.5877   29.4639   29.4189   29.4004   29.3719   29.3284    1.3906  -30.0000  -30.0000  -30.0000  -29.4324  -29.4637  -29.5117  -29.5851  -29.6249  -29.5271  -29.3852  -29.3336  -29.3123  -29.2797  -29.2298   -6.6529   15.0000   15.0000   15.0000   14.7113   14.7272   14.7516   14.7890   14.8092   14.7595   14.6873   14.6610   14.6502   14.6336   14.6082    0.0000
   30.0000   30.0000   30.0000   29.6010   29.6230   29.6567   29.7083   29.7363   29.6676   29.5678   29.5315   29.5165   29.4936   29.4585   -6.2928  -30.0000  -30.0000  -30.0000  -29.5424  -29.5676  -29.6063  -29.6655  -29.6976  -29.6188  -29.5043  -29.4627  -29.4455  -29.4192  -29.3790  -14.3363   15.0000   15.0000   15.0000   14.7672   14.7800   14.7997   14.8298   14.8462   14.8061   14.7479   14.7267   14.7180   14.7046   14.6841    0.0000
   30.0000   30.0000   30.0000   29.6783   29.6960   29.7232   29.7648   29.7874   29.7320   29.6515   29.6223   29.6102   29.5917   29.5634    3.7870  -30.0000  -30.0000  -30.0000  -29.6310  -29.6514  -29.6825  -29.7303  -29.7562  -29.6926  -29.6003  -29.5668  -29.5529  -29.5318  -29.4993   -4.2565   15.0000   15.0000   15.0000   14.8123   14.8227   14.8385   14.8628   14.8760   14.8436   14.7967   14.7796   14.7726   14.7618   14.7453    0.0000
   30.0000   30.0000   30.0000   29.7406   29.7549   29.7768   29.8104   29.8286   29.7839   29.7190   29.6954   29.6857   29.6708   29.6480   -3.5517  -30.0000  -30.0000  -30.0000  -29.7025  -29.7189  -29.7440  -29.7825  -29.8034  -29.7522  -29.6778  -29.6507  -29.6395  -29.6225  -29.5963  -11.5952   15.0000   15.0000   15.0000   14.8487   14.8570   14.8698   14.8894   14.9000   14.8739   14.8361   14.8223   14.8166   14.8080   14.7946    0.0000
   30.0000   30.0000   30.0000   29.7908   29.8024   29.8200   29.8471   29.8618   29.8258   29.7735   29.7544   29.7466   29.7346   29.7162   -2.1890  -30.0000  -30.0000  -30.0000  -29.7601  -29.7734  -29.7936  -29.8247  -29.8415  -29.8002  -29.7402  -29.7184  -29.7094  -29.6956  -29.6745  -10.2325   15.0000   15.0000   15.0000   14.8780   14.8847   14.8950   14.9108   14.9194   14.8984   14.8678   14.8567   14.8522   14.8452   14.8344    0.0000
   30.0000   30.0000   30.0000   29.8314   29.8407   29.8549   29.8767   29.8886   29.8595   29.8173   29.8020   29.7957   29.7860   29.7712    3.3701  -30.0000  -30.0000  -30.0000  -29.8066  -29.8173  -29.8336  -29.8586  -29.8722  -29.8389  -29.7905  -29.7729  -29.7657  -29.7546  -29.7375   -4.6734   15.0000   15.0000   15.0000   14.9016   14.9070   14.9154   14.9281   14.9350   14.9180   14.8934   14.8845   14.8808   14.8752   14.8665    0.0000
   30.0000   30.0000   30.0000   29.8640   29.8715   29.8830   29.9006   29.9101   29.8867   29.8527   29.8404   29.8353   29.8275   29.8155   -6.1502  -30.0000  -30.0000  -30.0000  -29.8441  -29.8527  -29.8658  -29.8860  -29.8969  -29.8701  -29.8311  -29.8169  -29.8111  -29.8021  -29.7884  -14.1937   15.0000   15.0000   15.0000   14.9207   14.9251   14.9318   14.9420   14.9476   14.9339   14.9141   14.9069   14.9039   14.8993   14.8924    0.0000
   30.0000   30.0000   30.0000   29.8904   29.8964   29.9057   29.9199   29.9276   29.9087   29.8813   29.8713   29.8672   29.8609   29.8512    3.0415  -30.0000  -30.0000  -30.0000  -29.8743  -29.8812  -29.8918  -29.9081  -29.9169  -29.8953  -29.8638  -29.8524  -29.8477  -29.8404  -29.8294   -5.0020   15.0000   15.0000   15.0000   14.9360   14.9396   14.9450   14.9533   14.9577   14.9467   14.9307   14.9249   14.9225   14.9188   14.9132    0.0000
   30.0000   30.0000   30.0000   29.9116   29.9165   29.9240   29.9354   29.9416   29.9264   29.9043   29.8962   29.8929   29.8878   29.8801   -1.1216  -30.0000  -30.0000  -30.0000  -29.8986  -29.9042  -29.9128  -29.9259  -29.9330  -29.9155  -29.8902  -29.8810  -29.8772  -29.8714  -29.8624   -9.1651   15.0000   15.0000   15.0000   14.9484   14.9513   14.9556   14.9623   14.9659   14.9570   14.9441   14.9395   14.9375   14.9346   14.9300    0.0000
   30.0000   30.0000   30.0000   29.9287   29.9327   29.9387   29.9479   29.9529   29.9406   29.9228   29.9163   29.9137   29.9096   29.9033   -3.7101  -30.0000  -30.0000  -30.0000  -29.9183  -29.9228  -29.9297  -29.9403  -29.9460  -29.9319  -29.9115  -29.9040  -29.9010  -29.8963  -29.8891  -11.7536   15.0000   15.0000   15.0000   14.9584   14.9607   14.9642   14.9696   14.9725   14.9654   14.9550   14.9512   14.9496   14.9472   14.9436    0.0000
   30.0000   30.0000   30.0000   29.9425   29.9457   29.9506   29.9580   29.9620   29.9521   29.9378   29.9325   29.9304   29.9271   29.9220    4.6588  -30.0000  -30.0000  -30.0000  -29.9341  -29.9377  -29.9433  -29.9518  -29.9564  -29.9451  -29.9286  -29.9226  -29.9202  -29.9164  -29.9106   -3.3847   15.0000   15.0000   15.0000   14.9665   14.9683   14.9712   14.9755   14.9778   14.9721   14.9637   14.9606   14.9594   14.9575   14.9545    0.0000
   30.0000   30.0000   30.0000   29.9537   29.9562   29.9601   29.9661   29.9694   29.9614   29.9498   29.9456   29.9439   29.9412   29.9371   -5.2009  -30.0000  -30.0000  -30.0000  -29.9469  -29.9498  -29.9543  -29.9612  -29.9649  -29.9557  -29.9424  -29.9376  -29.9356  -29.9326  -29.9279  -13.2444   15.0000   15.0000   15.0000   14.9730   14.9745   14.9767   14.9802   14.9821   14.9775   14.9707   14.9683   14.9673   14.9657   14.9633    0.0000
   30.0000   30.0000   30.0000   29.9626   29.9647   29.9679   29.9727   29.9753   29.9689   29.9595   29.9561   29.9547   29.9526   29.9493    1.6717  -30.0000  -30.0000  -30.0000  -29.9572  -29.9595  -29.9631  -29.9687  -29.9717  -29.9643  -29.9536  -29.9497  -29.9481  -29.9456  -29.9419   -6.3717   15.0000   15.0000   15.0000   14.9782   14.9794   14.9813   14.9841   14.9856   14.9818   14.9764   14.9744   14.9736   14.9723   14.9704    0.0000
   30.0000   30.0000   30.0000   29.9699   29.9715   29.9741   29.9780   29.9801   29.9749   29.9674   29.9646   29.9635   29.9618   29.9591    1.3433  -30.0000  -30.0000  -30.0000  -29.9655  -29.9674  -29.9703  -29.9748  -29.9772  -29.9712  -29.9626  -29.9594  -29.9582  -29.9562  -29.9531   -6.7002   15.0000   15.0000   15.0000   14.9824   14.9834   14.9849   14.9872   14.9884   14.9854   14.9810   14.9794   14.9787   14.9777   14.9762    0.0000
   30.0000   30.0000   30.0000   29.9757   29.9771   29.9791   29.9822   29.9840   29.9798   29.9737   29.9715   29.9706   29.9692   29.9670   -4.7840  -30.0000  -30.0000  -30.0000  -29.9722  -29.9737  -29.9760  -29.9796  -29.9816  -29.9768  -29.9698  -29.9673  -29.9663  -29.9647  -29.9622  -12.8275   15.0000   15.0000   15.0000   14.9858   14.9866   14.9878   14.9896   14.9906   14.9882   14.9847   14.9834   14.9828   14.9820   14.9808    0.0000
   30.0000   30.0000   30.0000   29.9804   29.9815   29.9832   29.9857   29.9871   29.9837   29.9788   29.9770   29.9763   29.9752   29.9734    5.0922  -30.0000  -30.0000  -30.0000  -29.9775  -29.9788  -29.9807  -29.9836  -29.9852  -29.9813  -29.9757  -29.9736  -29.9728  -29.9715  -29.9695   -2.9513   15.0000   15.0000   15.0000   14.9886   14.9892   14.9902   14.9917   14.9925   14.9905   14.9876   14.9866   14.9862   14.9855   14.9845    0.0000
   30.0000   30.0000   30.0000   29.9842   29.9851   29.9864   29.9885   29.9896   29.9868   29.9829   29.9815   29.9809   29.9800   29.9786   -3.5569  -30.0000  -30.0000  -30.0000  -29.9819  -29.9829  -29.9844  -29.9868  -29.9880  -29.9849  -29.9804  -29.9787  -29.9781  -29.9770  -29.9754  -11.6004   15.0000   15.0000   15.0000   14.9908   14.9913   14.9921   14.9933   14.9939   14.9923   14.9900   14.9892   14.9888   14.9883   14.9875    0.0000
   30.0000   30.0000   30.0000   29.9873   29.9880   29.9890   29.9907   29.9916   29.9894   29.9862   29.9851   29.9846   29.9838   29.9827   -0.0720  -30.0000  -30.0000  -30.0000  -29.9854  -29.9862  -29.9874  -29.9893  -29.9904  -29.9878  -29.9842  -29.9829  -29.9823  -29.9815  -29.9802   -8.1155   15.0000   15.0000   15.0000   14.9926   14.9930   14.9936   14.9946   14.9951   14.9938   14.9920   14.9913   14.9910   14.9906   14.9899    0.0000
   30.0000   30.0000   30.0000   29.9897   29.9903   29.9912   29.9925   29.9932   29.9915   29.9889   29.9880   29.9876   29.9870   29.9861    3.4920  -30.0000  -30.0000  -30.0000  -29.9882  -29.9889  -29.9899  -29.9914  -29.9922  -29.9902  -29.9873  -29.9862  -29.9857  -29.9851  -29.9840   -4.5514   15.0000   15.0000   15.0000   14.9940   14.9943   14.9948   14.9956   14.9960   14.9950   14.9935   14.9930   14.9927   14.9924   14.9919    0.0000
   30.0000   30.0000   30.0000   29.9917   29.9922   29.9929   29.9940   29.9945   29.9931   29.9910   29.9903   29.9900   29.9895   29.9888   -5.2087  -30.0000  -30.0000  -30.0000  -29.9905  -29.9910  -29.9918  -29.9931  -29.9937  -29.9921  -29.9897  -29.9889  -29.9885  -29.9880  -29.9871  -13.2522   15.0000   15.0000   15.0000   14.9952   14.9954   14.9958   14.9965   14.9968   14.9960   14.9948   14.9943   14.9942   14.9939   14.9934    0.0000
   30.0000   30.0000   30.0000   29.9933   29.9937   29.9943   29.9951   29.9956   29.9944   29.9928   29.9922   29.9919   29.9915   29.9909    4.6353  -30.0000  -30.0000  -30.0000  -29.9923  -29.9928  -29.9934  -29.9944  -29.9949  -29.9936  -29.9917  -29.9910  -29.9907  -29.9903  -29.9896   -3.4082   15.0000   15.0000   15.0000   14.9961   14.9963   14.9967   14.9972   14.9974   14.9968   14.9958   14.9954   14.9953   14.9951   14.9947    0.0000
   30.0000   30.0000   30.0000   29.9946   29.9949   29.9954   29.9961   29.9964   29.9955   29.9942   29.9937   29.9935   29.9932   29.9927   -1.4438  -30.0000  -30.0000  -30.0000  -29.9938  -29.9942  -29.9947  -29.9955  -29.9959  -29.9949  -29.9933  -29.9928  -29.9925  -29.9922  -29.9916   -9.4873   15.0000   15.0000   15.0000   14.9969   14.9970   14.9973   14.9977   14.9979   14.9974   14.9966   14.9963   14.9962   14.9960   14.9957    0.0000
   30.0000   30.0000   30.0000   29.9957   29.9959   29.9963   29.9968   29.9971   29.9964   29.9953   29.9949   29.9947   29.9945   29.9941   -1.8864  -30.0000  -30.0000  -30.0000  -29.9950  -29.9953  -29.9957  -29.9964  -29.9967  -29.9959  -29.9946  -29.9942  -29.9940  -29.9937  -29.9933   -9.9299   15.0000   15.0000   15.0000   14.9975   14.9976   14.9978   14.9982   14.9983   14.9979   14.9973   14.9970   14.9969   14.9968   14.9966    0.0000
   30.0000   30.0000   30.0000   29.9965   29.9967   29.9970   29.9974   29.9977   29.9971   29.9962   29.9959   29.9958   29.9956   29.9953    5.0179  -30.0000  -30.0000  -30.0000  -29.9960  -29.9962  -29.9965  -29.9971  -29.9973  -29.9967  -29.9957  -29.9953  -29.9951  -29.9949  -29.9946   -3.0256   15.0000   15.0000   15.0000   14.9980   14.9981   14.9982   14.9985   14.9987   14.9983   14.9978   14.9976   14.9975   14.9974   14.9972    0.0000
   30.0000   30.0000   30.0000   29.9972   29.9973   29.9976   29.9979   29.9981   29.9977   29.9969   29.9967   29.9966   29.9964   29.9962   -4.8896  -30.0000  -30.0000  -30.0000  -29.9968  -29.9969  -29.9972  -29.9976  -29.9979  -29.9973  -29.9965  -29.9962  -29.9961  -29.9959  -29.9956  -12.9331   15.0000   15.0000   15.0000   14.9984   14.9984   14.9986   14.9988   14.9989   14.9986   14.9982   14.9981   14.9980   14.9979   14.9978    0.0000
   30.0000   30.0000   30.0000   29.9977   29.9979   29.9980   29.9983   29.9985   29.9981   29.9975   29.9973   29.9972   29.9971   29.9969    3.3863  -30.0000  -30.0000  -30.0000  -29.9974  -29.9975  -29.9978  -29.9981  -29.9983  -29.9978  -29.9972  -29.9969  -29.9968  -29.9967  -29.9965   -4.6572   15.0000   15.0000   15.0000   14.9987   14.9987   14.9989   14.9990   14.9991   14.9989   14.9986   14.9984   14.9984   14.9983   14.9982    0.0000
   30.0000   30.0000   30.0000   29.9982   29.9983   29.9984   29.9987   29.9988   29.9985   29.9980   29.9978   29.9978   29.9977   29.9975    0.8332  -30.0000  -30.0000  -30.0000  -29.9979  -29.9980  -29.9982  -29.9985  -29.9986  -29.9982  -29.9977  -29.9975  -29.9975  -29.9973  -29.9971   -7.2103   15.0000   15.0000   15.0000   14.9989   14.9990   14.9991   14.9992   14.9993   14.9991   14.9988   14.9987   14.9987   14.9986   14.9985    0.0000
   30.0000   30.0000   30.0000   29.9985   29.9986   29.9987   29.9989   29.9990   29.9988   29.9984   29.9983   29.9982   29.9981   29.9980   -3.4636  -30.0000  -30.0000  -30.0000  -29.9983  -29.9984  -29.9985  -29.9988  -29.9989  -29.9986  -29.9982  -29.9980  -29.9979  -29.9978  -29.9977  -11.5071   15.0000   15.0000   15.0000   14.9991   14.9992   14.9993   14.9994   14.9994   14.9993   14.9991   14.9990   14.9990   14.9989   14.9988    0.0000
   30.0000   30.0000   30.0000   29.9988   29.9989   29.9990   29.9991   29.9992   29.9990   29.9987   29.9986   29.9986   29.9985   29.9984    5.7040  -30.0000  -30.0000  -30.0000  -29.9986  -29.9987  -29.9988  -29.9990  -29.9991  -29.9989  -29.9985  -29.9984  -29.9983  -29.9983  -29.9981   -2.3395   15.0000   15.0000   15.0000   14.9993   14.9993   14.9994   14.9995   14.9995   14.9994   14.9992   14.9992   14.9992   14.9991   14.9991    0.0000
   30.0000   30.0000   30.0000   29.9990   29.9991   29.9992   29.9993   29.9994   29.9992   29.9990   29.9989   29.9988   29.9988   29.9987   -3.8563  -30.0000  -30.0000  -30.0000  -29.9989  -29.9990  -29.9991  -29.9992  -29.9993  -29.9991  -29.9988  -29.9987  -29.9987  -29.9986  -29.9985  -11.8998   15.0000   15.0000   15.0000   14.9994   14.9995   14.9995   14.9996   14.9996   14.9995   14.9994   14.9993   14.9993   14.9993   14.9992    0.0000
   30.0000   30.0000   30.0000   29.9992   29.9993   29.9993   29.9994   29.9995   29.9994   29.9992   29.9991   29.9991   29.9990   29.9989    1.5595  -30.0000  -30.0000  -30.0000  -29.9991  -29.9992  -29.9992  -29.9994  -29.9994  -29.9993  -29.9990  -29.9990  -29.9989  -29.9989  -29.9988   -6.4840   15.0000   15.0000   15.0000   14.9995   14.9996   14.9996   14.9997   14.9997   14.9996   14.9995   14.9995   14.9995   14.9994   14.9994    0.0000
   30.0000   30.0000   30.0000   29.9994   29.9994   29.9995   29.9995   29.9996   29.9995   29.9993   29.9993   29.9992   29.9992   29.9992    2.9344  -30.0000  -30.0000  -30.0000  -29.9993  -29.9993  -29.9994  -29.9995  -29.9995  -29.9994  -29.9992  -29.9992  -29.9991  -29.9991  -29.9990   -5.1091   15.0000   15.0000   15.0000   14.9996   14.9997   14.9997   14.9997   14.9998   14.9997   14.9996   14.9996   14.9996   14.9995   14.9995    0.0000
   30.0000   30.0000   30.0000   29.9995   29.9995   29.9996   29.9996   29.9997   29.9996   29.9995   29.9994   29.9994   29.9994   29.9993   -4.5417  -30.0000  -30.0000  -30.0000  -29.9994  -29.9995  -29.9995  -29.9996  -29.9996  -29.9995  -29.9994  -29.9993  -29.9993  -29.9993  -29.9992  -12.5852   15.0000   15.0000   15.0000   14.9997   14.9997   14.9997   14.9998   14.9998   14.9998   14.9997   14.9997   14.9996   14.9996   14.9996    0.0000
   30.0000   30.0000   30.0000   29.9996   29.9996   29.9997   29.9997   29.9997   29.9997   29.9996   29.9995   29.9995   29.9995   29.9994    5.4565  -30.0000  -30.0000  -30.0000  -29.9995  -29.9996  -29.9996  -29.9997  -29.9997  -29.9996  -29.9995  -29.9995  -29.9994  -29.9994  -29.9994   -2.5870   15.0000   15.0000   15.0000   14.9998   14.9998   14.9998   14.9998   14.9998   14.9998   14.9997   14.9997   14.9997   14.9997   14.9997    0.0000
   30.0000   30.0000   30.0000   29.9997   29.9997   29.9997   29.9998   29.9998   29.9997   29.9996   29.9996   29.9996   29.9996   29.9996   -2.2590  -30.0000  -30.0000  -30.0000  -29.9996  -29.9996  -29.9997  -29.9997  -29.9998  -29.9997  -29.9996  -29.9996  -29.9995  -29.9995  -29.9995  -10.3025   15.0000   15.0000   15.0000   14.9998   14.9998   14.9998   14.9999   14.9999   14.9998   14.9998   14.9998   14.9998   14.9998   14.9997    0.0000
   30.0000   30.0000   30.0000   29.9997   29.9998   29.9998   29.9998   29.9998   29.9998   29.9997   29.9997   29.9997   29.9997   29.9996   -0.5497  -30.0000  -30.0000  -30.0000  -29.9997  -29.9997  -29.9997  -29.9998  -29.9998  -29.9997  -29.9997  -29.9996  -29.9996  -29.9996  -29.9996   -8.5932   15.0000   15.0000   15.0000   14.9998   14.9999   14.9999   14.9999   14.9999   14.9999   14.9998   14.9998   14.9998   14.9998   14.9998    0.0000
   30.0000   30.0000   30.0000   29.9998   29.9998   29.9998   29.9998   29.9999   29.9998   29.9998   29.9998   29.9997   29.9997   29.9997    4.5389  -30.0000  -30.0000  -30.0000  -29.9998  -29.9998  -29.9998  -29.9998  -29.9998  -29.9998  -29.9997  -29.9997  -29.9997  -29.9997  -29.9997   -3.5046   15.0000   15.0000   15.0000   14.9999   14.9999   14.9999   14.9999   14.9999   14.9999   14.9999   14.9999   14.9998   14.9998   14.9998    0.0000
   30.0000   30.0000   30.0000   29.9998   29.9998   29.9999   29.9999   29.9999   29.9999   29.9998   29.9998   29.9998   29.9998   29.9998   -4.9463  -30.0000  -30.0000  -30.0000  -29.9998  -29.9998  -29.9998  -29.9999  -29.9999  -29.9998  -29.9998  -29.9998  -29.9998  -29.9998  -29.9997  -12.9898   15.0000   15.0000   15.0000   14.9999   14.9999   14.9999   14.9999   14.9999   14.9999   14.9999   14.9999   14.9999   14.9999   14.9999    0.0000
   30.0000   30.0000   30.0000   29.9999   29.9999   29.9999   29.9999   29.9999   29.9999   29.9999   29.9998   29.9998   29.9998   29.9998    4.3179  -30.0000  -30.0000  -30.0000  -29.9998  -29.9999  -29.9999  -29.9999  -29.9999  -29.9999  -29.9998  -29.9998  -29.9998  -29.9998  -29.9998   -3.7256   15.0000   15.0000   15.0000   14.9999   14.9999   14.9999   14.9999   14.9999   14.9999   14.9999   14.9999   14.9999   14.9999   14.9999    0.0000
   30.0000   30.0000   30.0000   29.9999   29.9999   29.9999   29.9999   29.9999   29.9999   29.9999   29.9999   29.9999   29.9999   29.9998   -0.3457  -30.0000  -30.0000  -30.0000  -29.9999  -29.9999  -29.9999  -29.9999  -29.9999  -29.9999  -29.9999  -29.9998  -29.9998  -29.9998  -29.9998   -8.3892   15.0000   15.0000   15.0000   14.9999   14.9999   14.9999   15.0000   15.0000   14.9999   14.9999   14.9999   14.9999   14.9999   14.9999    0.0000
   30.0000   30.0000   30.0000   29.9999   29.9999   29.9999   29.9999   29.9999   29.9999   29.9999   29.9999   29.9999   29.9999   29.9999   -2.6112  -30.0000  -30.0000  -30.0000  -29.9999  -29.9999  -29.9999  -29.9999  -29.9999  -29.9999  -29.9999  -29.9999  -29.9999  -29.9999  -29.9999  -10.6547   15.0000   15.0000   15.0000   14.9999   15.0000   15.0000   15.0000   15.0000   15.0000   14.9999   14.9999   14.9999   14.9999   14.9999    0.0000
   30.0000   30.0000   30.0000   29.9999   29.9999   29.9999   29.9999   30.0000   29.9999   29.9999   29.9999   29.9999   29.9999   29.9999    5.3936  -30.0000  -30.0000  -30.0000  -29.9999  -29.9999  -29.9999  -29.9999  -29.9999  -29.9999  -29.9999  -29.9999  -29.9999  -29.9999  -29.9999   -2.6499   15.0000   15.0000   15.0000   15.0000   15.0000   15.0000   15.0000   15.0000   15.0000   15.0000   15.0000   14.9999   14.9999   14.9999    0.0000
   30.0000   30.0000   30.0000   29.9999   29.9999   29.9999   30.0000   30.0000   30.0000   29.9999   29.9999   29.9999   29.9999   29.9999   -4.6178  -30.0000  -30.0000  -30.0000  -29.9999  -29.9999  -29.9999  -30.0000  -30.0000  -29.9999  -29.9999  -29.9999  -29.9999  -29.9999  -29.9999  -12.6613   15.0000   15.0000   15.0000   15.0000   15.0000   15.0000   15.0000   15.0000   15.0000   15.0000   15.0000   15.0000   15.0000   15.0000    0.0000
   30.0000   30.0000   30.0000   30.0000   30.0000   30.0000   30.0000   30.0000   30.0000   29.9999   29.9999   29.9999   29.9999   29.9999    2.4605  -30.0000  -30.0000  -30.0000  -29.9999  -29.9999  -30.0000  -30.0000  -30.0000  -30.0000  -29.9999  -29.9999  -29.9999  -29.9999  -29.9999   -5.5830   15.0000   15.0000   15.0000   15.0000   15.0000   15.0000   15.0000   15.0000   15.0000   15.0000   15.0000   15.0000   15.0000   15.0000    0.0000
   30.0000   30.0000   30.0000   30.0000   30.0000   30.0000   30.0000   30.0000   30.0000   30.0000   30.0000   30.0000   30.0000   29.9999    1.5763  -30.0000  -30.0000  -30.0000  -30.0000  -30.0000  -30.0000  -30.0000  -30.0000  -30.0000  -30.0000  -29.9999  -29.9999  -29.9999  -29.9999   -6.4672   15.0000   15.0000   15.0000   15.0000   15.0000   15.0000   15.0000   15.0000   15.0000   15.0000   15.0000   15.0000   15.0000   15.0000    0.0000
   30.0000   30.0000   30.0000   30.0000   30.0000   30.0000   30.0000   30.0000   30.0000   30.0000   30.0000   30.0000   30.0000   30.0000   -4.3123  -30.0000  -30.0000  -30.0000  -30.0000  -30.0000  -30.0000  -30.0000  -30.0000  -30.0000  -30.0000  -30.0000  -30.0000  -30.0000  -30.0000  -12.3558   15.0000   15.0000   15.0000   15.0000   15.0000   15.0000   15.0000   15.0000   15.0000   15.0000   15.0000   15.0000   15.0000   15.0000    0.0000
   30.0000   30.0000   30.0000   30.0000   30.0000   30.0000   30.0000   30.0000   30.0000   30.0000   30.0000   30.0000   30.0000   30.0000    5.3529  -30.0000  -30.0000  -30.0000  -30.0000  -30.0000  -30.0000  -30.0000  -30.0000  -30.0000  -30.0000  -30.0000  -30.0000  -30.0000  -30.0000   -2.6906   15.0000   15.0000   15.0000   15.0000   15.0000   15.0000   15.0000   15.0000   15.0000   15.0000   15.0000   15.0000   15.0000   15.0000    0.0000
   30.0000   30.0000   30.0000   30.0000   30.0000   30.0000   30.0000   30.0000   30.0000   30.0000   30.0000   30.0000   30.0000   30.0000   -3.6214  -30.0000  -30.0000  -30.0000  -30.0000  -30.0000  -30.0000  -30.0000  -30.0000  -30.0000  -30.0000  -30.0000  -30.0000  -30.0000  -30.0000  -11.6649   15.0000   15.0000   15.0000   15.0000   15.0000   15.0000   15.0000   15.0000   15.0000   15.0000   15.0000   15.0000   15.0000   15.0000    0.0000
   30.0000   30.0000   30.0000   30.0000   30.0000   30.0000   30.0000   30.0000   30.0000   30.0000   30.0000   30.0000   30.0000   30.0000    0.1595  -30.0000  -30.0000  -30.0000  -30.0000  -30.0000  -30.0000  -30.0000  -30.0000  -30.0000  -30.0000  -30.0000  -30.0000  -30.0000  -30.0000   -7.8840   15.0000   15.0000   15.0000   15.0000   15.0000   15.0000   15.0000   15.0000   15.0000   15.0000   15.0000   15.0000   15.0000   15.0000    0.0000
   30.0000   30.0000   30.0000   30.0000   30.0000   30.0000   30.0000   30.0000   30.0000   30.0000   30.0000   30.0000   30.0000   30.0000    3.1890  -30.0000  -30.0000  -30.0000  -30.0000  -30.0000  -30.0000  -30.0000  -30.0000  -30.0000  -30.0000  -30.0000  -30.0000  -30.0000  -30.0000   -4.8545   15.0000   15.0000   15.0000   15.0000   15.0000   15.0000   15.0000   15.0000   15.0000   15.0000   15.0000   15.0000   15.0000   15.0000    0.0000
   30.0000   30.0000   30.0000   30.0000   30.0000   30.0000   30.0000   30.0000   30.0000   30.0000   30.0000   30.0000   30.0000   30.0000   -5.4054  -30.0000  -30.0000  -30.0000  -30.0000  -30.0000  -30.0000  -30.0000  -30.0000  -30.0000  -30.0000  -30.0000  -30.0000  -30.0000  -30.0000  -13.4489   15.0000   15.0000   15.0000   15.0000   15.0000   15.0000   15.0000   15.0000   15.0000   15.0000   15.0000   15.0000   15.0000   15.0000    0.0000
   30.0000   30.0000   30.0000   30.0000   30.0000   30.0000   30.0000   30.0000   30.0000   30.0000   30.0000   30.0000   30.0000   30.0000    4.4027  -30.0000  -30.0000  -30.0000  -30.0000  -30.0000  -30.0000  -30.0000  -30.0000  -30.0000  -30.0000  -30.0000  -30.0000  -30.0000  -30.0000   -3.6408   15.0000   15.0000   15.0000   15.0000   15.0000   15.0000   15.0000   15.0000   15.0000   15.0000   15.0000   15.0000   15.0000   15.0000    0.0000
   30.0000   30.0000   30.0000   30.0000   30.0000   30.0000   30.0000   30.0000   30.0000   30.0000   30.0000   30.0000   30.0000   30.0000   -2.1350  -30.0000  -30.0000  -30.0000  -30.0000  -30.0000  -30.0000  -30.0000  -30.0000  -30.0000  -30.0000  -30.0000  -30.0000  -30.0000  -30.0000  -10.1785   15.0000   15.0000   15.0000   15.0000   15.0000   15.0000   15.0000   15.0000   15.0000   15.0000   15.0000   15.0000   15.0000   15.0000    0.0000
   30.0000   30.0000   30.0000   30.0000   30.0000   30.0000   30.0000   30.0000   30.0000   30.0000   30.0000   30.0000   30.0000   30.0000   -2.2486  -30.0000  -30.0000  -30.0000  -30.0000  -30.0000  -30.0000  -30.0000  -30.0000  -30.0000  -30.0000  -30.0000  -30.0000  -30.0000  -30.0000  -10.2921   15.0000   15.0000   15.0000   15.0000   15.0000   15.0000   15.0000   15.0000   15.0000   15.0000   15.0000   15.0000   15.0000   15.0000    0.0000
   30.0000   30.0000   30.0000   30.0000   30.0000   30.0000   30.0000   30.0000   30.0000   30.0000   30.0000   30.0000   30.0000   30.0000    4.2148  -30.0000  -30.0000  -30.0000  -30.0000  -30.0000  -30.0000  -30.0000  -30.0000  -30.0000  -30.0000  -30.0000  -30.0000  -30.0000  -30.0000   -3.8287   15.0000   15.0000   15.0000   15.0000   15.0000   15.0000   15.0000   15.0000   15.0000   15.0000   15.0000   15.0000   15.0000   15.0000    0.0000
   30.0000   30.0000   30.0000   30.0000   30.0000   30.0000   30.0000   30.0000   30.0000   30.0000   30.0000   30.0000   30.0000   30.0000   -5.7465  -30.0000  -30.0000  -30.0000  -30.0000  -30.0000  -30.0000  -30.0000  -30.0000  -30.0000  -30.0000  -30.0000  -30.0000  -30.0000  -30.0000  -13.7900   15.0000   15.0000   15.0000   15.0000   15.0000   15.0000   15.0000   15.0000   15.0000   15.0000   15.0000   15.0000   15.0000   15.0000    0.0000
   30.0000   30.0000   30.0000   30.0000   30.0000   30.0000   30.0000   30.0000   30.0000   30.0000   30.0000   30.0000   30.0000   30.0000    2.6636  -30.0000  -30.0000  -30.0000  -30.0000  -30.0000  -30.0000  -30.0000  -30.0000  -30.0000  -30.0000  -30.0000  -30.0000  -30.0000  -30.0000   -5.3799   15.0000   15.0000   15.0000   15.0000   15.0000   15.0000   15.0000   15.0000   15.0000   15.0000   15.0000   15.0000   15.0000   15.0000    0.0000
   30.0000   30.0000   30.0000   30.0000   30.0000   30.0000   30.0000   30.0000   30.0000   30.0000   30.0000   30.0000   30.0000   30.0000   -0.4209  -30.0000  -30.0000  -30.0000  -30.0000  -30.0000  -30.0000  -30.0000  -30.0000  -30.0000  -30.0000  -30.0000  -30.0000  -30.0000  -30.0000   -8.4644   15.0000   15.0000   15.0000   15.0000   15.0000   15.0000   15.0000   15.0000   15.0000   15.0000   15.0000   15.0000   15.0000   15.0000    0.0000
   30.0000   30.0000   30.0000   30.0000   30.0000   30.0000   30.0000   30.0000   30.0000   30.0000   30.0000   30.0000   30.0000   30.0000   -4.4178  -30.0000  -30.0000  -30.0000  -30.0000  -30.0000  -30.0000  -30.0000  -30.0000  -30.0000  -30.0000  -30.0000  -30.0000  -30.0000  -30.0000  -12.4613   15.0000   15.0000   15.0000   15.0000   15.0000   15.0000   15.0000   15.0000   15.0000   15.0000   15.0000   15.0000   15.0000   15.0000    0.0000
   30.0000   30.0000   30.0000   30.0000   30.0000   30.0000   30.0000   30.0000   30.0000   30.0000   30.0000   30.0000   30.0000   30.0000    4.4612  -30.0000  -30.0000  -30.0000  -30.0000  -30.0000  -30.0000  -30.0000  -30.0000  -30.0000  -30.0000  -30.0000  -30.0000  -30.0000  -30.0000   -3.5823   15.0000   15.0000   15.0000   15.0000   15.0000   15.0000   15.0000   15.0000   15.0000   15.0000   15.0000   15.0000   15.0000   15.0000    0.0000
   30.0000   30.0000   30.0000   30.0000   30.0000   30.0000   30.0000   30.0000   30.0000   30.0000   30.0000   30.0000   30.0000   30.0000   -5.3150  -30.0000  -30.0000  -30.0000  -30.0000  -30.0000  -30.0000  -30.0000  -30.0000  -30.0000  -30.0000  -30.0000  -30.0000  -30.0000  -30.0000  -13.3585   15.0000   15.0000   15.0000   15.0000   15.0000   15.0000   15.0000   15.0000   15.0000   15.0000   15.0000   15.0000   15.0000   15.0000    0.0000
   30.0000   30.0000   30.0000   30.0000   30.0000   30.0000   30.0000   30.0000   30.0000   30.0000   30.0000   30.0000   30.0000   30.0000    0.3736  -30.0000  -30.0000  -30.0000  -30.0000  -30.0000  -30.0000  -30.0000  -30.0000  -30.0000  -30.0000  -30.0000  -30.0000  -30.0000  -30.0000   -7.6699   15.0000   15.0000   15.0000   15.0000   15.0000   15.0000   15.0000   15.0000   15.0000   15.0000   15.0000   15.0000   15.0000   15.0000    0.0000
   30.0000   30.0000   30.0000   30.0000   30.0000   30.0000   30.0000   30.0000   30.0000   30.0000   30.0000   30.0000   30.0000   30.0000    1.2177  -30.0000  -30.0000  -30.0000  -30.0000  -30.0000  -30.0000  -30.0000  -30.0000  -30.0000  -30.0000  -30.0000  -30.0000  -30.0000  -30.0000   -6.8258   15.0000   15.0000   15.0000   15.0000   15.0000   15.0000   15.0000   15.0000   15.0000   15.0000   15.0000   15.0000   15.0000   15.0000    0.0000
   30.0000   30.0000   30.0000   30.0000   30.0000   30.0000   30.0000   30.0000   30.0000   30.0000   30.0000   30.0000   30.0000   30.0000   -6.0444  -30.0000  -30.0000  -30.0000  -30.0000  -30.0000  -30.0000  -30.0000  -30.0000  -30.0000  -30.0000  -30.0000  -30.0000  -30.0000  -30.0000  -14.0879   15.0000   15.0000   15.0000   15.0000   15.0000   15.0000   15.0000   15.0000   15.0000   15.0000   15.0000   15.0000   15.0000   15.0000    0.0000
   30.0000   30.0000   30.0000   30.0000   30.0000   30.0000   30.0000   30.0000   30.0000   30.0000   30.0000   30.0000   30.0000   30.0000    3.8530  -30.0000  -30.0000  -30.0000  -30.0000  -30.0000  -30.0000  -30.0000  -30.0000  -30.0000  -30.0000  -30.0000  -30.0000  -30.0000  -30.0000   -4.1905   15.0000   15.0000   15.0000   15.0000   15.0000   15.0000   15.0000   15.0000   15.0000   15.0000   15.0000   15.0000   15.0000   15.0000    0.0000
   30.0000   30.0000   30.0000   30.0000   30.0000   30.0000   30.0000   30.0000   30.0000   30.0000   30.0000   30.0000   30.0000   30.0000   -4.2158  -30.0000  -30.0000  -30.0000  -30.0000  -30.0000  -30.0000  -30.0000  -30.0000  -30.0000  -30.0000  -30.0000  -30.0000  -30.0000  -30.0000  -12.2593   15.0000   15.0000   15.0000   15.0000   15.0000   15.0000   15.0000   15.0000   15.0000   15.0000   15.0000   15.0000   15.0000   15.0000    0.0000
   30.0000   30.0000   30.0000   30.0000   30.0000   30.0000   30.0000   30.0000   30.0000   30.0000   30.0000   30.0000   30.0000   30.0000   -2.1466  -30.0000  -30.0000  -30.0000  -30.0000  -30.0000  -30.0000  -30.0000  -30.0000  -30.0000  -30.0000  -30.0000  -30.0000  -30.0000  -30.0000  -10.1901   15.0000   15.0000   15.0000   15.0000   15.0000   15.0000   15.0000   15.0000   15.0000   15.0000   15.0000   15.0000   15.0000   15.0000    0.0000
   30.0000   30.0000   30.0000   30.0000   30.0000   30.0000   30.0000   30.0000   30.0000   30.0000   30.0000   30.0000   30.0000   30.0000    2.4862  -30.0000  -30.0000  -30.0000  -30.0000  -30.0000  -30.0000  -30.0000  -30.0000  -30.0000  -30.0000  -30.0000  -30.0000  -30.0000  -30.0000   -5.5573   15.0000   15.0000   15.0000   15.0000   15.0000   15.0000   15.0000   15.0000   15.0000   15.0000   15.0000   15.0000   15.0000   15.0000    0.0000
   30.0000   30.0000   30.0000   30.0000   30.0000   30.0000   30.0000   30.0000   30.0000   30.0000   30.0000   30.0000   30.0000   30.0000   -6.9125  -30.0000  -30.0000  -30.0000  -30.0000  -30.0000  -30.0000  -30.0000  -30.0000  -30.0000  -30.0000  -30.0000  -30.0000  -30.0000  -30.0000  -14.9560   15.0000   15.0000   15.0000   15.0000   15.0000   15.0000   15.0000   15.0000   15.0000   15.0000   15.0000   15.0000   15.0000   15.0000    0.0000
   30.0000   30.0000   30.0000   30.0000   30.0000   30.0000   30.0000   30.0000   30.0000   30.0000   30.0000   30.0000   30.0000   30.0000    2.4466  -30.0000  -30.0000  -30.0000  -30.0000  -30.0000  -30.0000  -30.0000  -30.0000  -30.0000  -30.0000  -30.0000  -30.0000  -30.0000  -30.0000   -5.5969   15.0000   15.0000   15.0000   15.0000   15.0000   15.0000   15.0000   15.0000   15.0000   15.0000   15.0000   15.0000   15.0000   15.0000    0.0000
   30.0000   30.0000   30.0000   30.0000   30.0000   30.0000   30.0000   30.0000   30.0000   30.0000   30.0000   30.0000   30.0000   30.0000   -2.6599  -30.0000  -30.0000  -30.0000  -30.0000  -30.0000  -30.0000  -30.0000  -30.0000  -30.0000  -30.0000  -30.0000  -30.0000  -30.0000  -30.0000  -10.7034   15.0000   15.0000   15.0000   15.0000   15.0000   15.0000   15.0000   15.0000   15.0000   15.0000   15.0000   15.0000   15.0000   15.0000    0.0000
   30.0000   30.0000   30.0000   30.0000   30.0000   30.0000   30.0000   30.0000   30.0000   30.0000   30.0000   30.0000   30.0000   30.0000   -4.5419  -30.0000  -30.0000  -30.0000  -30.0000  -30.0000  -30.0000  -30.0000  -30.0000  -30.0000  -30.0000  -30.0000  -30.0000  -30.0000  -30.0000  -12.5854   15.0000   15.0000   15.0000   15.0000   15.0000   15.0000   15.0000   15.0000   15.0000   15.0000   15.0000   15.0000   15.0000   15.0000    0.0000
   30.0000   30.0000   30.0000   30.0000   30.0000   30.0000   30.0000   30.0000   30.0000   30.0000   30.0000   30.0000   30.0000   30.0000    3.1469  -30.0000  -30.0000  -30.0000  -30.0000  -30.0000  -30.0000  -30.0000  -30.0000  -30.0000  -30.0000  -30.0000  -30.0000  -30.0000  -30.0000   -4.8966   15.0000   15.0000   15.0000   15.0000   15.0000   15.0000   15.0000   15.0000   15.0000   15.0000   15.0000   15.0000   15.0000   15.0000    0.0000
   30.0000   30.0000   30.0000   30.0000   30.0000   30.0000   30.0000   30.0000   30.0000   30.0000   30.0000   30.0000   30.0000   30.0000   -6.9253  -30.0000  -30.0000  -30.0000  -30.0000  -30.0000  -30.0000  -30.0000  -30.0000  -30.0000  -30.0000  -30.0000  -30.0000  -30.0000  -30.0000  -14.9688   15.0000   15.0000   15.0000   15.0000   15.0000   15.0000   15.0000   15.0000   15.0000   15.0000   15.0000   15.0000   15.0000   15.0000    0.0000
   30.0000   30.0000   30.0000   30.0000   30.0000   30.0000   30.0000   30.0000   30.0000   30.0000   30.0000   30.0000   30.0000   30.0000    0.4231  -30.0000  -30.0000  -30.0000  -30.0000  -30.0000  -30.0000  -30.0000  -30.0000  -30.0000  -30.0000  -30.0000  -30.0000  -30.0000  -30.0000   -7.6204   15.0000   15.0000   15.0000   15.0000   15.0000   15.0000   15.0000   15.0000   15.0000   15.0000   15.0000   15.0000   15.0000   15.0000    0.0000
   30.0000   30.0000   30.0000   30.0000   30.0000   30.0000   30.0000   30.0000   30.0000   30.0000   30.0000   30.0000   30.0000   30.0000   -0.9296  -30.0000  -30.0000  -30.0000  -30.0000  -30.0000  -30.0000  -30.0000  -30.0000  -30.0000  -30.0000  -30.0000  -30.0000  -30.0000  -30.0000   -8.9730   15.0000   15.0000   15.0000   15.0000   15.0000   15.0000   15.0000   15.0000   15.0000   15.0000   15.0000   15.0000   15.0000   15.0000    0.0000
   30.0000   30.0000   30.0000   30.0000   30.0000   30.0000   30.0000   30.0000   30.0000   30.0000   30.0000   30.0000   30.0000   30.0000   -6.4755  -30.0000  -30.0000  -30.0000  -30.0000  -30.0000  -30.0000  -30.0000  -30.0000  -30.0000  -30.0000  -30.0000  -30.0000  -30.0000  -30.0000  -14.5190   15.0000   15.0000   15.0000   15.0000   15.0000   15.0000   15.0000   15.0000   15.0000   15.0000   15.0000   15.0000   15.0000   15.0000    0.0000
   30.0000   30.0000   30.0000   30.0000   30.0000   30.0000   30.0000   30.0000   30.0000   30.0000   30.0000   30.0000   30.0000   30.0000    3.0586  -30.0000  -30.0000  -30.0000  -30.0000  -30.0000  -30.0000  -30.0000  -30.0000  -30.0000  -30.0000  -30.0000  -30.0000  -30.0000  -30.0000   -4.9849   15.0000   15.0000   15.0000   15.0000   15.0000   15.0000   15.0000   15.0000   15.0000   15.0000   15.0000   15.0000   15.0000   15.0000    0.0000
   30.0000   30.0000   30.0000   30.0000   30.0000   30.0000   30.0000   30.0000   30.0000   30.0000   30.0000   30.0000   30.0000   30.0000   -6.1179  -30.0000  -30.0000  -30.0000  -30.0000  -30.0000  -30.0000  -30.0000  -30.0000  -30.0000  -30.0000  -30.0000  -30.0000  -30.0000  -30.0000  -14.1614   15.0000   15.0000   15.0000   15.0000   15.0000   15.0000   15.0000   15.0000   15.0000   15.0000   15.0000   15.0000   15.0000   15.0000    0.0000
   30.0000   30.0000   30.0000   30.0000   30.0000   30.0000   30.0000   30.0000   30.0000   30.0000   30.0000   30.0000   30.0000   30.0000   -1.9371  -30.0000  -30.0000  -30.0000  -30.0000  -30.0000  -30.0000  -30.0000  -30.0000  -30.0000  -30.0000  -30.0000  -30.0000  -30.0000  -30.0000   -9.9806   15.0000   15.0000   15.0000   15.0000   15.0000   15.0000   15.0000   15.0000   15.0000   15.0000   15.0000   15.0000   15.0000   15.0000    0.0000
   30.0000   30.0000   30.0000   30.0000   30.0000   30.0000   30.0000   30.0000   30.0000   30.0000   30.0000   30.0000   30.0000   30.0000    0.6690  -30.0000  -30.0000  -30.0000  -30.0000  -30.0000  -30.0000  -30.0000  -30.0000  -30.0000  -30.0000  -30.0000  -30.0000  -30.0000  -30.0000   -7.3745   15.0000   15.0000   15.0000   15.0000   15.0000   15.0000   15.0000   15.0000   15.0000   15.0000   15.0000   15.0000   15.0000   15.0000    0.0000
   30.0000   30.0000   30.0000   30.0000   30.0000   30.0000   30.0000   30.0000   30.0000   30.0000   30.0000   30.0000   30.0000   30.0000   -7.6796  -30.0000  -30.0000  -30.0000  -30.0000  -30.0000  -30.0000  -30.0000  -30.0000  -30.0000  -30.0000  -30.0000  -30.0000  -30.0000  -30.0000  -15.7231   15.0000   15.0000   15.0000   15.0000   15.0000   15.0000   15.0000   15.0000   15.0000   15.0000   15.0000   15.0000   15.0000   15.0000    0.0000
   30.0000   30.0000   30.0000   30.0000   30.0000   30.0000   30.0000   30.0000   30.0000   30.0000   30.0000   30.0000   30.0000   30.0000    2.2014  -30.0000  -30.0000  -30.0000  -30.0000  -30.0000  -30.0000  -30.0000  -30.0000  -30.0000  -30.0000  -30.0000  -30.0000  -30.0000  -30.0000   -5.8421   15.0000   15.0000   15.0000   15.0000   15.0000   15.0000   15.0000   15.0000   15.0000   15.0000   15.0000   15.0000   15.0000   15.0000    0.0000
   30.0000   30.0000   30.0000   30.0000   30.0000   30.0000   30.0000   30.0000   30.0000   30.0000   30.0000   30.0000   30.0000   30.0000   -4.6494  -30.0000  -30.0000  -30.0000  -30.0000  -30.0000  -30.0000  -30.0000  -30.0000  -30.0000  -30.0000  -30.0000  -30.0000  -30.0000  -30.0000  -12.6929   15.0000   15.0000   15.0000   15.0000   15.0000   15.0000   15.0000   15.0000   15.0000   15.0000   15.0000   15.0000   15.0000   15.0000    0.0000
